	p_Am	E_Hx	kap_R	F_m	E_Hb	p_M	E_Hj	kap_P	v	kap_X	kap	t_0	s_G	k_J	E_G	T_A	h_a	E_Hp
p_Am	0.0669140743638621	0.0297690468824503	0.000910801623171677	0.000692815330669512	0.0213586173322997	0.0559389917758446	-0.0154319183386834	0.000851600735223508	-0.00295746796415606	-0.00149484385493683	-0.00754825918730221	0.0205545217111573	0.00647027436241798	0.00586673767446693	0.0013246318698945	-0.58592661425548	0.0500648617077521	0.0526830512437674
E_Hx	0.0297690468824503	0.41821396351891	0.00451524068239913	-0.00800011534629414	0.424126892621273	-0.0278961182529713	0.400043456112499	0.00248982218281966	0.0204847015961422	-0.00259980442398784	-0.160054199770806	-0.0101437812212111	0.00304296006127452	-0.00251522670054379	0.00441950480185248	1.75704726817994	0.0294451106857537	0.312889878015751
kap_R	0.000910801623171677	0.00451524068239913	0.00636257542343219	-0.00234338566120023	0.00395686469266283	-0.000119441424499189	0.00381399559534659	-0.000324128724602285	8.12683730700221e-05	0.000835169881816265	-0.000677544630946145	0.000203444819699822	-0.000231050414118496	0.000349839602595705	0.000477124182904275	-0.727076675835052	-0.00830634986213689	0.0045161367995538
F_m	0.000692815330669512	-0.00800011534629414	-0.00234338566120023	0.0130467314403893	-0.0076384785285941	0.00204305215737057	-0.00811142393205016	-0.00166543579074607	0.000220774262776269	0.00178441913012879	0.000246150505144977	-0.000510344571584786	0.00527686728310727	-0.000190314495612796	-0.000809909915588017	0.940643402193399	0.00575440408637479	-0.00689857259544686
E_Hb	0.0213586173322997	0.424126892621273	0.00395686469266283	-0.0076384785285941	0.453921389292104	-0.0391931664583198	0.435697810437397	0.0033997460161462	0.0191599484220579	-0.00329020921926776	-0.174928756209766	-0.0301120290508133	0.00331856866170979	-0.00369741102550226	0.00417783815086026	-1.3734927337239	0.0598806969473179	0.325269159341862
p_M	0.0559389917758446	-0.0278961182529713	-0.000119441424499189	0.00204305215737057	-0.0391931664583198	0.0856423624994422	-0.0440558006557114	-0.000729349920201246	-0.0137009507264771	-9.31114483541629e-05	0.00660216814371389	0.0292927093370667	0.00519104301934856	0.00981264567748047	0.000641578082307853	0.710134474015964	0.0848992085790199	-0.0347609899223883
E_Hj	-0.0154319183386834	0.400043456112499	0.00381399559534659	-0.00811142393205016	0.435697810437397	-0.0440558006557114	0.541508539132063	0.00170138295848932	0.0149016399382175	-0.00178603929307867	-0.165448597964693	-0.0313426623121972	0.00245661572847571	-0.00165044236998137	0.00310772502000728	2.25108966358318	0.0712281326719515	0.34426290147992
kap_P	0.000851600735223508	0.00248982218281966	-0.000324128724602285	-0.00166543579074607	0.0033997460161462	-0.000729349920201246	0.00170138295848932	0.00916050775113871	-0.000632878496260604	-0.00963664584736423	-0.000763565715651027	-0.00274114823099662	3.30068468705624e-05	0.000253452422864025	1.26905789311484e-05	-1.48831481562117	0.00136578421133535	0.00252375109568826
v	-0.00295746796415606	0.0204847015961422	8.12683730700221e-05	0.000220774262776269	0.0191599484220579	-0.0137009507264771	0.0149016399382175	-0.000632878496260604	0.0349717604673453	0.00144846954291464	0.00971042511235231	0.0160769965652552	0.00187447309223851	-0.00155209889166287	1.00213012005364e-05	2.13206494710142	-0.353775933499358	0.0144259840324599
kap_X	-0.00149484385493683	-0.00259980442398784	0.000835169881816265	0.00178441913012879	-0.00329020921926776	-9.31114483541629e-05	-0.00178603929307867	-0.00963664584736423	0.00144846954291464	0.0182998898807332	0.00458879709404473	0.000424922603130497	-0.00123919218857112	-0.000259585753247937	0.000159826593446212	0.683364585125694	0.0064108500836115	-0.00538226798318712
kap	-0.00754825918730221	-0.160054199770806	-0.000677544630946145	0.000246150505144977	-0.174928756209766	0.00660216814371389	-0.165448597964693	-0.000763565715651027	0.00971042511235231	0.00458879709404473	0.147400872318269	0.00317520911281026	-0.00594454420777657	0.00279550724926505	0.000382918805338125	-4.91522514073743	-0.162052516244398	-0.163141935960174
t_0	0.0205545217111573	-0.0101437812212111	0.000203444819699822	-0.000510344571584786	-0.0301120290508133	0.0292927093370667	-0.0313426623121972	-0.00274114823099662	0.0160769965652552	0.000424922603130497	0.00317520911281026	0.387189352075736	0.00108434658133268	0.00711757731012319	0.00021806420536055	3.54562567257874	-0.346705601328906	-0.00301221058341747
s_G	0.00647027436241798	0.00304296006127452	-0.000231050414118496	0.00527686728310727	0.00331856866170979	0.00519104301934856	0.00245661572847571	3.30068468705624e-05	0.00187447309223851	-0.00123919218857112	-0.00594454420777657	0.00108434658133268	0.024500480666951	-0.000277756393696795	-0.000660384604456846	12.5991008157332	-0.0766045090981488	-0.00505455937426268
k_J	0.00586673767446693	-0.00251522670054379	0.000349839602595705	-0.000190314495612796	-0.00369741102550226	0.00981264567748047	-0.00165044236998137	0.000253452422864025	-0.00155209889166287	-0.000259585753247937	0.00279550724926505	0.00711757731012319	-0.000277756393696795	0.00512383798707337	5.33981450051905e-05	1.97390599738371	0.000735073493856501	-0.00668745245156805
E_G	0.0013246318698945	0.00441950480185248	0.000477124182904275	-0.000809909915588017	0.00417783815086026	0.000641578082307853	0.00310772502000728	1.26905789311484e-05	1.00213012005364e-05	0.000159826593446212	0.000382918805338125	0.00021806420536055	-0.000660384604456846	5.33981450051905e-05	0.00102304378687045	-0.763387501413701	-0.00307676652396908	0.00353234257646537
T_A	-0.58592661425548	1.75704726817994	-0.727076675835052	0.940643402193399	-1.3734927337239	0.710134474015964	2.25108966358318	-1.48831481562117	2.13206494710142	0.683364585125694	-4.91522514073743	3.54562567257874	12.5991008157332	1.97390599738371	-0.763387501413701	225766.868858935	-40.3358072176239	6.95140482124487
h_a	0.0500648617077521	0.0294451106857537	-0.00830634986213689	0.00575440408637479	0.0598806969473179	0.0848992085790199	0.0712281326719515	0.00136578421133535	-0.353775933499358	0.0064108500836115	-0.162052516244398	-0.346705601328906	-0.0766045090981488	0.000735073493856501	-0.00307676652396908	-40.3358072176239	30.2256617913698	0.0248363146003489
E_Hp	0.0526830512437674	0.312889878015751	0.0045161367995538	-0.00689857259544686	0.325269159341862	-0.0347609899223883	0.34426290147992	0.00252375109568826	0.0144259840324599	-0.00538226798318712	-0.163141935960174	-0.00301221058341747	-0.00505455937426268	-0.00668745245156805	0.00353234257646537	6.95140482124487	0.0248363146003489	0.476483923700695
