	E_G	E_Hb	E_Hj	E_Hp	E_Hx	F_m	T_A	h_a	k_J	kap	kap_P	kap_R	kap_X	p_Am	p_M	s_G	t_0	v
E_G	0.00103345359152586	0.00416410608836479	0.00311624720289477	0.00349263010716432	0.0043949848784989	-0.000828287192629881	-0.885316973012668	-0.00271611718868821	5.19034512425804e-05	0.000411809478784765	1.67361465066697e-05	0.0004632745575326	0.000154277165583194	0.0013432411444448	0.000678834618325731	-0.000654751381632595	0.000235680570270797	0.000105155390327493
E_Hb	0.00416410608836479	0.452773000864432	0.433539914249054	0.315608421822268	0.42328847485066	-0.00724165754875146	-1.38580161631701	0.0550884258067465	-0.00385650595213235	-0.174403544506226	0.00325780985167185	0.00406150580808946	-0.00308833312128134	0.0206939999959195	-0.0403517265514829	0.0035108640290447	-0.0301748984525914	0.0201060397303305
E_Hj	0.00311624720289477	0.433539914249054	0.547728927458402	0.332091546382097	0.398116622273365	-0.00725094983413611	2.44495453571213	0.0654855483060267	-0.00160223607972191	-0.163782917194367	0.00142681250267503	0.00377803746342715	-0.00158312910599266	-0.0194229563961597	-0.045045177525282	0.00179777261206189	-0.0314843997268027	0.0146314743918136
E_Hp	0.00349263010716432	0.315608421822268	0.332091546382097	0.447708100021154	0.303423054852544	-0.00647979755340856	8.33899032200428	0.0382321899272047	-0.00656566844340816	-0.155577350047641	0.00243244901256072	0.00446838192591346	-0.00491685902933113	0.0560917565790944	-0.0301088659709675	-0.00425997310859116	-0.00282802327727764	0.0143332067649138
E_Hx	0.0043949848784989	0.42328847485066	0.398116622273365	0.303423054852544	0.417358277109953	-0.00761292823668184	1.5849330811084	0.0249620835225227	-0.00269086216437495	-0.159712835686551	0.00237570446316711	0.00460761693671521	-0.00244021484870109	0.0291268529077721	-0.0290644206610143	0.00331290055829994	-0.0104767336185469	0.0213394440752764
F_m	-0.000828287192629881	-0.00724165754875146	-0.00725094983413611	-0.00647979755340856	-0.00761292823668184	0.0134491075505248	0.604184101074486	0.005540135038297	-9.34143469075271e-05	-9.73427894495097e-05	-0.001864988691314	-0.00231100232333489	0.00204213820532063	0.000794659760031504	0.00225687614424078	0.0053224942769747	-0.000383897961988445	0.000272036965647281
T_A	-0.885316973012668	-1.38580161631701	2.44495453571213	8.33899032200428	1.5849330811084	0.604184101074486	229816.68619053	-39.5112686686975	2.08710002212168	-7.1682212214129	-1.44278205189037	-0.665046603669946	0.831055728840623	0.192442815356123	1.62944990225153	13.2947100668943	3.43958848661056	1.04315861326273
h_a	-0.00271611718868821	0.0550884258067465	0.0654855483060267	0.0382321899272047	0.0249620835225227	0.005540135038297	-39.5112686686975	29.9000000902886	0.000959063297155247	-0.159649183476701	0.00128559717605303	-0.00832575711494379	0.00645902198553298	0.0524139388891705	0.0899486363953813	-0.0805099232099913	-0.341822436193982	-0.352460267081857
k_J	5.19034512425804e-05	-0.00385650595213235	-0.00160223607972191	-0.00656566844340816	-0.00269086216437495	-9.34143469075271e-05	2.08710002212168	0.000959063297155247	0.00522167159701104	0.00284332388931547	0.000210815891974956	0.000340051323006195	-0.000184362334653247	0.0057214993939002	0.00972452946880401	-0.000374006155037995	0.00688249180680657	-0.00155375453049483
kap	0.000411809478784765	-0.174403544506226	-0.163782917194367	-0.155577350047641	-0.159712835686551	-9.73427894495097e-05	-7.1682212214129	-0.159649183476701	0.00284332388931547	0.147070791022487	-0.000632255448749529	-0.000661503432812793	0.00426567459846824	-0.00848370931182451	0.00630908339451807	-0.00606293841112487	0.0034028542074176	0.00889568465983054
kap_P	1.67361465066697e-05	0.00325780985167185	0.00142681250267503	0.00243244901256072	0.00237570446316711	-0.001864988691314	-1.44278205189037	0.00128559717605303	0.000210815891974956	-0.000632255448749529	0.0091167255484332	-0.000319844585409019	-0.00960282208027473	0.000804455479830787	-0.000839852371493664	-5.83807718215279e-05	-0.0027465274155235	-0.000633184980534408
kap_R	0.0004632745575326	0.00406150580808946	0.00377803746342715	0.00446838192591346	0.00460761693671521	-0.00231100232333489	-0.665046603669946	-0.00832575711494379	0.000340051323006195	-0.000661503432812793	-0.000319844585409019	0.00627250640272191	0.000882960661328378	0.000881172660954981	-0.000176713311028512	-0.000236306843521667	0.000174921303898863	8.89753173542527e-05
kap_X	0.000154277165583194	-0.00308833312128134	-0.00158312910599266	-0.00491685902933113	-0.00244021484870109	0.00204213820532063	0.831055728840623	0.00645902198553298	-0.000184362334653247	0.00426567459846824	-0.00960282208027473	0.000882960661328378	0.0182237744944096	-0.00132698435198041	0.000135089194019027	-0.00104779023535608	0.000487293967881401	0.00147058321631649
p_Am	0.0013432411444448	0.0206939999959195	-0.0194229563961597	0.0560917565790944	0.0291268529077721	0.000794659760031504	0.192442815356123	0.0524139388891705	0.0057214993939002	-0.00848370931182451	0.000804455479830787	0.000881172660954981	-0.00132698435198041	0.070478822178773	0.0586093984753923	0.00701229709960794	0.0211715140070273	-0.00344801652310207
p_M	0.000678834618325731	-0.0403517265514829	-0.045045177525282	-0.0301088659709675	-0.0290644206610143	0.00225687614424078	1.62944990225153	0.0899486363953813	0.00972452946880401	0.00630908339451807	-0.000839852371493664	-0.000176713311028512	0.000135089194019027	0.0586093984753923	0.0888985528367727	0.00516215948011787	0.0297212727425578	-0.014547038171941
s_G	-0.000654751381632595	0.0035108640290447	0.00179777261206189	-0.00425997310859116	0.00331290055829994	0.0053224942769747	13.2947100668943	-0.0805099232099913	-0.000374006155037995	-0.00606293841112487	-5.83807718215279e-05	-0.000236306843521667	-0.00104779023535608	0.00701229709960794	0.00516215948011787	0.0266343326879989	0.000983575706120026	0.00208789568092154
t_0	0.000235680570270797	-0.0301748984525914	-0.0314843997268027	-0.00282802327727764	-0.0104767336185469	-0.000383897961988445	3.43958848661056	-0.341822436193982	0.00688249180680657	0.0034028542074176	-0.0027465274155235	0.000174921303898863	0.000487293967881401	0.0211715140070273	0.0297212727425578	0.000983575706120026	0.388946440574571	0.0159485266203874
v	0.000105155390327493	0.0201060397303305	0.0146314743918136	0.0143332067649138	0.0213394440752764	0.000272036965647281	1.04315861326273	-0.352460267081857	-0.00155375453049483	0.00889568465983054	-0.000633184980534408	8.89753173542527e-05	0.00147058321631649	-0.00344801652310207	-0.014547038171941	0.00208789568092154	0.0159485266203874	0.034900183286671
