	E_G	E_Hb	E_Hj	E_Hp	E_Hx	F_m	T_A	h_a	k_J	kap	kap_P	kap_R	kap_X	p_Am	p_M	s_G	t_0	v
E_G	0.00101697315055971	0.0040599196154795	0.00305515454364292	0.00342226809603663	0.00428844529843137	-0.00081296903630001	-0.813000381770233	-0.00265695266060344	4.53313823927672e-05	0.000376222781382048	1.61014273074505e-05	0.000456215732319627	0.000152240210672239	0.00130428230553938	0.00064852495050649	-0.000650885841743708	0.000227575676427474	9.70891726478224e-05
E_Hb	0.0040599196154795	0.440153873729117	0.41786951876403	0.31049618111142	0.411095312395331	-0.00720374400347764	-3.93537359502796	0.0512131469194406	-0.00543238199464735	-0.179647705896966	0.00339389313493746	0.00321362681391379	-0.00316119594487677	0.0197635576201419	-0.0415901094174431	0.00411057720057771	-0.0295479472953476	0.0182703916452958
E_Hj	0.00305515454364292	0.41786951876403	0.534101002015834	0.323292846105825	0.383086617383821	-0.00715537834706764	-0.306714507377105	0.0621964640329673	-0.00345867099679593	-0.168112294130992	0.00151290709675075	0.00295353520325045	-0.00163214937890596	-0.0236836956370313	-0.0481452956238622	0.00213681041811515	-0.0304598691564305	0.0120216393308012
E_Hp	0.00342226809603663	0.31049618111142	0.323292846105825	0.448311829658297	0.29856219652516	-0.00642044173800802	7.76085126906133	0.0347415477407774	-0.00732243399703476	-0.160084509630011	0.00246445148864617	0.0041126003377858	-0.00486528994298294	0.0572627548993479	-0.0301484023759949	-0.00373381342496275	-0.00349995902155253	0.0133729070824543
E_Hx	0.00428844529843137	0.411095312395331	0.383086617383821	0.29856219652516	0.405214804775999	-0.0075434217067435	-0.762347122063433	0.021965939551864	-0.00432096025236736	-0.165301969236011	0.00251882934269831	0.0037755338388855	-0.00250895982174575	0.0280949753652978	-0.030437425196398	0.00394438391907905	-0.0101715116844279	0.0194800319712686
F_m	-0.00081296903630001	-0.00720374400347764	-0.00715537834706764	-0.00642044173800802	-0.0075434217067435	0.0132208597070699	0.506230295656405	0.00541430782973481	-0.000108414649904147	-0.000139145093096405	-0.00183327083365824	-0.00227236903242671	0.00201542559137037	0.000791590650934665	0.00218822915493482	0.00515926739055539	-0.000370175589980847	0.000258015220397881
T_A	-0.813000381770233	-3.93537359502796	-0.306714507377105	7.76085126906133	-0.762347122063433	0.506230295656405	170474.03614779	-41.9758986755704	1.88773981706786	-3.92278820823739	-1.00557997735665	-0.560963245054409	0.698659402123924	2.04431913637639	2.82647510964539	11.8147309643998	4.05724532026387	1.79380411762022
h_a	-0.00265695266060344	0.0512131469194406	0.0621964640329673	0.0347415477407774	0.021965939551864	0.00541430782973481	-41.9758986755704	29.4680650613348	0.000287022313098092	-0.160417360344131	0.000988169999772475	-0.00827106409304867	0.00665518052763122	0.0501162430735966	0.0860715263763835	-0.0820963840155065	-0.33656384735656	-0.348903372611139
k_J	4.53313823927672e-05	-0.00543238199464735	-0.00345867099679593	-0.00732243399703476	-0.00432096025236736	-0.000108414649904147	1.88773981706786	0.000287022313098092	0.00463262597089348	0.00242643556612262	0.000213972003440411	0.000200507973258934	-0.000152104022519889	0.00539064591831049	0.00916573447219455	-0.00041106061928065	0.00732602989053751	-0.00168496760214214
kap	0.000376222781382048	-0.179647705896966	-0.168112294130992	-0.160084509630011	-0.165301969236011	-0.000139145093096405	-3.92278820823739	-0.160417360344131	0.00242643556612262	0.149686508180697	-0.000607635191550087	-0.000949423574696142	0.00427531739085567	-0.010389572135359	0.00492729264253606	-0.00625477954466164	0.00280993358538529	0.00856980309971782
kap_P	1.61014273074505e-05	0.00339389313493746	0.00151290709675075	0.00246445148864617	0.00251882934269831	-0.00183327083365824	-1.00557997735665	0.000988169999772475	0.000213972003440411	-0.000607635191550087	0.00902907569991263	-0.000311529358033881	-0.00950765239658427	0.00090754595351198	-0.000771252554400027	-3.96330670527544e-05	-0.00269848693420462	-0.000529291501984516
kap_R	0.000456215732319627	0.00321362681391379	0.00295353520325045	0.0041126003377858	0.0037755338388855	-0.00227236903242671	-0.560963245054409	-0.00827106409304867	0.000200507973258934	-0.000949423574696142	-0.000311529358033881	0.00646055997605973	0.000866866275353618	0.000927543633202446	-0.000237715556566354	-0.000246709021666101	0.000178884274598237	-9.8445379898012e-06
kap_X	0.000152240210672239	-0.00316119594487677	-0.00163214937890596	-0.00486528994298294	-0.00250895982174575	0.00201542559137037	0.698659402123924	0.00665518052763122	-0.000152104022519889	0.00427531739085567	-0.00950765239658427	0.000866866275353618	0.0180450787780994	-0.00136701520384093	0.000126258920592792	-0.00102877110100699	0.000494592078182664	0.00138272855123534
p_Am	0.00130428230553938	0.0197635576201419	-0.0236836956370313	0.0572627548993479	0.0280949753652978	0.000791590650934665	2.04431913637639	0.0501162430735966	0.00539064591831049	-0.010389572135359	0.00090754595351198	0.000927543633202446	-0.00136701520384093	0.0723700198754159	0.0589813812065625	0.00715235485098968	0.0207475470672028	-0.00289655232590548
p_M	0.00064852495050649	-0.0415901094174431	-0.0481452956238622	-0.0301484023759949	-0.030437425196398	0.00218822915493482	2.82647510964539	0.0860715263763835	0.00916573447219455	0.00492729264253606	-0.000771252554400027	-0.000237715556566354	0.000126258920592792	0.0589813812065625	0.0879798725236005	0.00517321145141568	0.0291924516934904	-0.013971132166033
s_G	-0.000650885841743708	0.00411057720057771	0.00213681041811515	-0.00373381342496275	0.00394438391907905	0.00515926739055539	11.8147309643998	-0.0820963840155065	-0.00041106061928065	-0.00625477954466164	-3.96330670527544e-05	-0.000246709021666101	-0.00102877110100699	0.00715235485098968	0.00517321145141568	0.0271772278447644	0.000752447758529851	0.00220201541913647
t_0	0.000227575676427474	-0.0295479472953476	-0.0304598691564305	-0.00349995902155253	-0.0101715116844279	-0.000370175589980847	4.05724532026387	-0.33656384735656	0.00732602989053751	0.00280993358538529	-0.00269848693420462	0.000178884274598237	0.000494592078182664	0.0207475470672028	0.0291924516934904	0.000752447758529851	0.392325032956215	0.015748119039246
v	9.70891726478224e-05	0.0182703916452958	0.0120216393308012	0.0133729070824543	0.0194800319712686	0.000258015220397881	1.79380411762022	-0.348903372611139	-0.00168496760214214	0.00856980309971782	-0.000529291501984516	-9.8445379898012e-06	0.00138272855123534	-0.00289655232590548	-0.013971132166033	0.00220201541913647	0.015748119039246	0.0343335114685683
