	E_G (log10 J/cm^3)	E_Hb (log10 J)	E_Hj (log10 J)	E_Hp (log10 J)	E_Hx (log10 J)	F_m (log10 l/d.cm^2)	T_A (K)	h_a (log10 1/d^2)	k_J (log10 1/d)	kap (logit -)	kap_P (logit -)	kap_R (logit -)	kap_X (logit -)	p_Am (log10 J/d.cm^2)	p_M (log10 J/d.cm^3)	s_G (-)	t_0 (log10 d)	v (log10 cm/d)
E_G (log10 J/cm^3)	0.00090430663	0.0034867152	0.0026732844	0.0030999733	0.0036727477	-0.00071207125	-0.78766966	-0.0020745999	4.7968532e-05	0.00016245498	8.1448155e-06	0.00041288641	0.00013784798	0.0010530147	0.00052896545	-0.00058804646	0.00018916751	-3.982455e-05
E_Hb (log10 J)	0.0034867152	0.4562362	0.42860487	0.31522368	0.43051114	-0.0063252139	-20.376877	0.031461999	-0.0038753065	-0.19894875	0.0034345639	0.0030276896	-0.0032683373	0.020484821	-0.040947072	0.0079862187	-0.025109705	0.016552966
E_Hj (log10 J)	0.0026732844	0.42860487	0.54099232	0.32286522	0.39788158	-0.0060848744	-8.2102937	0.033475327	-0.0027751317	-0.18113035	0.0020432788	0.0027652037	-0.0019486084	-0.025874988	-0.049573363	0.0090945052	-0.026139268	0.011691196
E_Hp (log10 J)	0.0030999733	0.31522368	0.32286522	0.45239868	0.30450249	-0.0054594062	0.68947131	0.014249083	-0.0056605211	-0.17088995	0.002638815	0.0038191991	-0.0049927364	0.062702631	-0.02560233	0.00028191626	-0.0015747187	0.011425167
E_Hx (log10 J)	0.0036727477	0.43051114	0.39788158	0.30450249	0.42499729	-0.0065699785	-17.854141	0.0056479418	-0.0028500782	-0.18623527	0.0026409335	0.0034996559	-0.0027243793	0.027896828	-0.030962098	0.0078057373	-0.0081560442	0.017727382
F_m (log10 l/d.cm^2)	-0.00071207125	-0.0063252139	-0.0060848744	-0.0054594062	-0.0065699785	0.011665811	0.23961857	0.0047219366	0.00016637447	-0.00010999528	-0.0016752221	-0.001967545	0.0018304802	0.00073645403	0.0018296113	0.0038546261	-0.00020312596	0.00043918384
T_A (K)	-0.78766966	-20.376877	-8.2102937	0.68947131	-17.854141	0.23961857	634422.21	-36.796221	1.4856463	-3.648096	-0.89709036	-3.1149893	0.75641556	-3.2997777	5.4941297	11.09718	6.2299877	-2.9257291
h_a (log10 1/d^2)	-0.0020745999	0.031461999	0.033475327	0.014249083	0.0056479418	0.0047219366	-36.796221	25.826939	0.0012828368	-0.13577609	0.00038060191	-0.0074635327	0.0065443447	0.050646967	0.086233971	-0.10494469	-0.29433039	-0.30587197
k_J (log10 1/d)	4.7968532e-05	-0.0038753065	-0.0027751317	-0.0056605211	-0.0028500782	0.00016637447	1.4856463	0.0012828368	0.0040839388	0.0017377381	-2.447766e-05	0.00014789761	6.3144867e-05	0.0059972647	0.0090077804	-0.00071933595	0.0062104453	-0.00082245697
kap (logit -)	0.00016245498	-0.19894875	-0.18113035	-0.17088995	-0.18623527	-0.00010999528	-3.648096	-0.13577609	0.0017377381	0.16380679	-0.00080338809	-0.00098953009	0.0037348918	-0.011833077	0.0062749638	-0.0078613625	0.0014319833	0.0092311037
kap_P (logit -)	8.1448155e-06	0.0034345639	0.0020432788	0.002638815	0.0026409335	-0.0016752221	-0.89709036	0.00038060191	-2.447766e-05	-0.00080338809	0.0082563811	-0.0002214362	-0.0089218315	0.00055554057	-0.0010480468	1.4677663e-05	-0.0023957531	-0.00038958278
kap_R (logit -)	0.00041288641	0.0030276896	0.0027652037	0.0038191991	0.0034996559	-0.001967545	-3.1149893	-0.0074635327	0.00014789761	-0.00098953009	-0.0002214362	0.0059026612	0.00066106267	0.00069133819	-0.00030627823	-0.00015643673	8.8364248e-05	-2.4178216e-05
kap_X (logit -)	0.00013784798	-0.0032683373	-0.0019486084	-0.0049927364	-0.0027243793	0.0018304802	0.75641556	0.0065443447	6.3144867e-05	0.0037348918	-0.0089218315	0.00066106267	0.019007717	-0.0013002846	0.00044451452	-0.00086410604	0.00037214389	0.0010502438
p_Am (log10 J/d.cm^2)	0.0010530147	0.020484821	-0.025874988	0.062702631	0.027896828	0.00073645403	-3.2997777	0.050646967	0.0059972647	-0.011833077	0.00055554057	0.00069133819	-0.0013002846	0.08087098	0.065756228	0.0057761714	0.019391586	-0.0022769075
p_M (log10 J/d.cm^3)	0.00052896545	-0.040947072	-0.049573363	-0.02560233	-0.030962098	0.0018296113	5.4941297	0.086233971	0.0090077804	0.0062749638	-0.0010480468	-0.00030627823	0.00044451452	0.065756228	0.092990035	0.0034392545	0.02661319	-0.01242052
s_G (-)	-0.00058804646	0.0079862187	0.0090945052	0.00028191626	0.0078057373	0.0038546261	11.09718	-0.10494469	-0.00071933595	-0.0078613625	1.4677663e-05	-0.00015643673	-0.00086410604	0.0057761714	0.0034392545	0.040936867	0.00064384331	0.0018066566
t_0 (log10 d)	0.00018916751	-0.025109705	-0.026139268	-0.0015747187	-0.0081560442	-0.00020312596	6.2299877	-0.29433039	0.0062104453	0.0014319833	-0.0023957531	8.8364248e-05	0.00037214389	0.019391586	0.02661319	0.00064384331	0.38315011	0.014524594
v (log10 cm/d)	-3.982455e-05	0.016552966	0.011691196	0.011425167	0.017727382	0.00043918384	-2.9257291	-0.30587197	-0.00082245697	0.0092311037	-0.00038958278	-2.4178216e-05	0.0010502438	-0.0022769075	-0.01242052	0.0018066566	0.014524594	0.032642025
