	E_G (log10 J/cm^3)	E_Hb (log10 J)	E_Hj (log10 J)	E_Hp (log10 J)	E_Hx (log10 J)	F_m (log10 l/d.cm^2)	T_A (K)	h_a (log10 1/d^2)	k_J (log10 1/d)	kap (logit -)	kap_P (logit -)	kap_R (logit -)	kap_X (logit -)	p_Am (log10 J/d.cm^2)	p_M (log10 J/d.cm^3)	s_G (-)	t_0 (log10 d)	v (log10 cm/d)
E_G (log10 J/cm^3)	0.0008852218	0.0035909561	0.0028761616	0.0032551058	0.0037913698	-0.00068468838	-0.99526003	-0.0017410429	1.895932e-05	0.00013871996	5.4940444e-06	0.00038454688	0.00012747647	0.00093025156	0.00036190918	-0.00049394517	-0.0083697341	1.9027881e-05
E_Hb (log10 J)	0.0035909561	0.46132467	0.43930315	0.32383239	0.4329913	-0.0061502764	-35.157171	-0.080399965	-0.0041824145	-0.20599924	0.0034288808	0.0039204795	-0.0032484852	0.018891214	-0.040724117	0.0076128269	-0.3978149	0.015314351
E_Hj (log10 J)	0.0028761616	0.43930315	0.53638647	0.32996765	0.40606654	-0.0062753902	-20.010646	-0.083252873	-0.0032189384	-0.19061315	0.0020120475	0.0034526303	-0.0011820535	-0.022201156	-0.052083586	0.0087020595	-0.1781455	0.010144848
E_Hp (log10 J)	0.0032551058	0.32383239	0.32996765	0.445871	0.31080961	-0.005620463	-9.5907734	-0.16003072	-0.0051271348	-0.17712726	0.0025872824	0.0042963405	-0.0050467224	0.062221467	-0.025224143	0.00019390751	0.092412942	0.010382826
E_Hx (log10 J)	0.0037913698	0.4329913	0.40606654	0.31080961	0.42322819	-0.0064456253	-31.540321	-0.094289812	-0.003000067	-0.19158551	0.0030252911	0.0044051717	-0.0031220804	0.025850482	-0.031510485	0.0074176862	-0.37659428	0.016129633
F_m (log10 l/d.cm^2)	-0.00068468838	-0.0061502764	-0.0062753902	-0.005620463	-0.0064456253	0.0086271321	0.15030835	-8.0379243e-05	7.5728449e-05	-0.00072172601	-0.0015833122	-0.001277295	0.0014810183	0.00068832907	0.0018595075	0.0044239861	0.11220636	0.00034014818
T_A (K)	-0.99526003	-35.157171	-20.010646	-9.5907734	-31.540321	0.15030835	491905.08	-25.591876	2.6839601	5.3339355	-1.1246046	-4.522108	1.0101493	-6.060494	3.4713698	7.0692963	174.13925	-5.6083462
h_a (log10 1/d^2)	-0.0017410429	-0.080399965	-0.083252873	-0.16003072	-0.094289812	-8.0379243e-05	-25.591876	1.9916105	0.010509618	-0.021678493	0.0053630183	-0.0065505909	-0.0040732477	0.020977171	0.065316404	-0.087228551	-0.31274342	-0.10166909
k_J (log10 1/d)	1.895932e-05	-0.0041824145	-0.0032189384	-0.0051271348	-0.003000067	7.5728449e-05	2.6839601	0.010509618	0.0031749613	0.0018928224	1.3097653e-05	0.00011614295	-0.00013378295	0.0056582195	0.0084226165	-0.00071911503	0.028220034	-0.00069011321
kap (logit -)	0.00013871996	-0.20599924	-0.19061315	-0.17712726	-0.19158551	-0.00072172601	5.3339355	-0.021678493	0.0018928224	0.17073066	-0.00081743332	-0.0016628874	0.0034719313	-0.010798237	0.0069369381	-0.0077813557	0.020506473	0.0099478734
kap_P (logit -)	5.4940444e-06	0.0034288808	0.0020120475	0.0025872824	0.0030252911	-0.0015833122	-1.1246046	0.0053630183	1.3097653e-05	-0.00081743332	0.0066916198	-0.00026343143	-0.0085593803	0.0005514511	-0.001146258	5.459925e-05	-0.012212502	-0.00042158353
kap_R (logit -)	0.00038454688	0.0039204795	0.0034526303	0.0042963405	0.0044051717	-0.001277295	-4.522108	-0.0065505909	0.00011614295	-0.0016628874	-0.00026343143	0.0052219762	0.00061826591	0.00058374984	-0.00074268877	-3.704263e-05	-0.028259139	2.5921242e-05
kap_X (logit -)	0.00012747647	-0.0032484852	-0.0011820535	-0.0050467224	-0.0031220804	0.0014810183	1.0101493	-0.0040732477	-0.00013378295	0.0034719313	-0.0085593803	0.00061826591	0.01988934	-0.0014112641	0.00039839978	-0.00050498974	0.0012205557	0.00074444492
p_Am (log10 J/d.cm^2)	0.00093025156	0.018891214	-0.022201156	0.062221467	0.025850482	0.00068832907	-6.060494	0.020977171	0.0056582195	-0.010798237	0.0005514511	0.00058374984	-0.0014112641	0.075991722	0.06340425	0.0050302862	0.12663307	-0.0015029216
p_M (log10 J/d.cm^3)	0.00036190918	-0.040724117	-0.052083586	-0.025224143	-0.031510485	0.0018595075	3.4713698	0.065316404	0.0084226165	0.0069369381	-0.001146258	-0.00074268877	0.00039839978	0.06340425	0.090054801	0.0029062948	0.17430488	-0.011020169
s_G (-)	-0.00049394517	0.0076128269	0.0087020595	0.00019390751	0.0074176862	0.0044239861	7.0692963	-0.087228551	-0.00071911503	-0.0077813557	5.459925e-05	-3.704263e-05	-0.00050498974	0.0050302862	0.0029062948	0.041377742	-0.024114271	0.0015250891
t_0 (log10 d)	-0.0083697341	-0.3978149	-0.1781455	0.092412942	-0.37659428	0.11220636	174.13925	-0.31274342	0.028220034	0.020506473	-0.012212502	-0.028259139	0.0012205557	0.12663307	0.17430488	-0.024114271	6.5761743	0.037188884
v (log10 cm/d)	1.9027881e-05	0.015314351	0.010144848	0.010382826	0.016129633	0.00034014818	-5.6083462	-0.10166909	-0.00069011321	0.0099478734	-0.00042158353	2.5921242e-05	0.00074444492	-0.0015029216	-0.011020169	0.0015250891	0.037188884	0.032250527
